25
0,41 -0,12 519,00 1,23 4,56 7,89 0,98 -1,23 4,56 7,89 0,12 3,45 6,78 9,01 -1,23 4,56 7,89 0,12 3,45 6,78 9,01 -1,23 4,56 7,89 0,12 3,45 6,78 9,01 -1,23
-1,23 0,41 -0,12 1242,00 1,23 4,56 7,89 0,98 -1,23 4,56 7,89 0,12 3,45 6,78 9,01 -1,23 4,56 7,89 0,12 3,45 6,78 9,01 -1,23 4,56 7,89 0,12 3,45 6,78
7,89 0,98 -1,23 4,56 7,89 0,12 3,45 6,78 9,01 -1,23 4,56 7,89 0,12 3,45 6,78 9,01 -1,23 4,56 7,89 0,12 3,45 6,78 9,01 -1,23 4,56 7,89 0,12 3,45
1,23 4,56 7,89 0,98 -1,23 4,56 7,89 0,12 3,45 6,78 9,01 -1,23 4,56 7,89 0,12 3,45 6,78 9,01 -1,23 4,56 7,89 0,12 3,45 6,78 9,01 -1,23 4,56 7,89
0,12 3,45 6,78 9,01 -1,23 4,56 7,89 0,12 3,45 6,78 9,01 -1,23 4,56 7,89 0,12 3,45 6,78 9,01 -1,23 4,56 7,89 0,12 3,45 6,78 9,01 -1,23 4,56 7,89
4,56 7,89 0,98 -1,23 4,56 7,89 0,12 3,45 6,78 9,01 -1,23 4,56 7,89 0,12 3,45 6,78 9,01 -1,23 4,56 7,89 0,12 3,45 6,78 9,01 -1,23 4,56 7,89 0,12
3,45 6,78 9,01 -1,23 4,56 7,89 0,12 3,45 6,78 9,01 -1,23 4,56 7,89 0,12 3,45 6,78 9,01 -1,23 4,56 7,89 0,12 3,45 6,78 9,01 -1,23 4,56 7,89 0,12
0,41 -0,12 999,00 1,23 4,56 7,89 0,98 -1,23 4,56 7,89 0,12 3,45 6,78 9,01 -1,23 4,56 7,89 0,12 3,45 6,78 9,01 -1,23 4,56 7,89 0,12 3,45 6,78 9,01
-1,23 0,41 -0,12 1231,00 1,23 4,56 7,89 0,98 -1,23 4,56 7,89 0,12 3,45 6,78 9,01 -1,23 4,56 7,89 0,12 3,45 6,78 9,01 -1,23 4,56 7,89 0,12 3,45 6,78
9,01 -1,23 4,56 7,89 0,12 3,45 6,78 9,01 -1,23 4,56 7,89 0,12 3,45 6,78 9,01 -1,23 4,56 7,89 0,12 3,45 6,78 9,01 -1,23 4,56 7,89 0,12 3,45 6,78
0,12 0,34 0,56 0,78 0,90 1,12 1,34 1,56 1,78 1,90 2,12 2,34 2,56 2,78 2,90 3,12 3,34 3,56 3,78 3,90 4,12 4,34 4,56 4,78 4,90
5,12 5,34 5,56 5,78 5,90 6,12 6,34 6,56 6,78 6,90 7,12 7,34 7,56 7,78 7,90 8,12 8,34 8,56 8,78 8,90 9,12 9,34 9,56 9,78 9,90
10,12 10,34 10,56 10,78 10,90 11,12 11,34 11,56 11,78 11,90 12,12 12,34 12,56 12,78 12,90 13,12 13,34 13,56 13,78 13,90 14,12 14,34 14,56 14,78 14,90
15,12 15,34 15,56 15,78 15,90 16,12 16,34 16,56 16,78 16,90 17,12 17,34 17,56 17,78 17,90 18,12 18,34 18,56 18,78 18,90 19,12 19,34 19,56 19,78 19,90
20,12 20,34 20,56 20,78 20,90 21,12 21,34 21,56 21,78 21,90 22,12 22,34 22,56 22,78 22,90 23,12 23,34 23,56 23,78 23,90 24,12 24,34 24,56 24,78 24,90
25,12 25,34 25,56 25,78 25,90 26,12 26,34 26,56 26,78 26,90 27,12 27,34 27,56 27,78 27,90 28,12 28,34 28,56 28,78 28,90 29,12 29,34 29,56 29,78 29,90
30,12 30,34 30,56 30,78 30,90 31,12 31,34 31,56 31,78 31,90 32,12 32,34 32,56 32,78 32,90 33,12 33,34 33,56 33,78 33,90 34,12 34,34 34,56 34,78 34,90
7,89 0,98 -1,23 4,56 7,89 0,12 3,45 6,78 9,01 -1,23 4,56 7,89 0,12 3,45 6,78 9,01 -1,23 4,56 7,89 0,12 3,45 6,78 9,01 -1,23 4,56 7,89 0,12 3,45
1,23 4,56 7,89 0,98 -1,23 4,56 7,89 0,12 3,45 6,78 9,01 -1,23 4,56 7,89 0,12 3,45 6,78 9,01 -1,23 4,56 7,89 0,12 3,45 6,78 9,01 -1,23 4,56 7,89
0,12 3,45 6,78 9,01 -1,23 4,56 7,89 0,12 3,45 6,78 9,01 -1,23 4,56 7,89 0,12 3,45 6,78 9,01 -1,23 4,56 7,89 0,12 3,45 6,78 9,01 -1,23 4,56 7,89
4,56 7,89 0,98 -1,23 4,56 7,89 0,12 3,45 6,78 9,01 -1,23 4,56 7,89 0,12 3,45 6,78 9,01 -1,23 4,56 7,89 0,12 3,45 6,78 9,01 -1,23 4,56 7,89 0,12
3,45 6,78 9,01 -1,23 4,56 7,89 0,12 3,45 6,78 9,01 -1,23 4,56 7,89 0,12 3,45 6,78 9,01 -1,23 4,56 7,89 0,12 3,45 6,78 9,01 -1,23 4,56 7,89 0,12
20,12 20,34 20,56 20,78 20,90 21,12 21,34 21,56 21,78 21,90 22,12 22,34 22,56 22,78 22,90 23,12 23,34 23,56 23,78 23,90 24,12 24,34 24,56 24,78 24,90
25,12 25,34 25,56 25,78 25,90 26,12 26,34 26,56 26,78 26,90 27,12 27,34 27,56 27,78 27,90 28,12 28,34 28,56 28,78 28,90 29,12 29,34 29,56 29,78 29,90
30,12 30,34 30,56 30,78 30,90 31,12 31,34 31,56 31,78 31,90 32,12 32,34 32,56 32,78 32,90 33,12 33,34 33,56 33,78 33,90 34,12 34,34 34,56 34,78 34,90